                                                                             
                                                  732427                     
                                                72445561                     
                                              15549645927                    
                   127  15                7711139377735227                   
                   1627743   7            3413575171721627                   
                   71217417733           74526122117712237                   
               724517233613537         7749437577313151537                   
                7359654143517          2436733773723326417                   
                   72417342327        74977777467772169627                   
                    7526737           16815475177 73276517                   
                    742777            7689513779612172131                    
                    726317            368811331177111451                     
                    753427           146612426574236657                      
                    74443737        11156441561755627                        
                    7398854352711777426219224256277            711  777      
                      714648643512411923319456367           1377477357       
                          7149692241855827131337            732433337        
                             746277311179843451             7521427133337    
                             752666116148918637            73245633777       
                             777493137243724954327       715368965417        
                            7463417611691666464662337 7775314417  7317       
                            711982277527773637713452143335461                
                           194777127998259247    7368512691                  
                          777584777717775121        75641                    
                        7169334155389572481                                  
                        7363281 77769134447                                  
                        325688317729956643                                   
                        688557684168843516                                   
                       7898888117731771117                                   
                       7896889711588274981                                   
                       7884777185767711767                                   
                       7866882712443586167                                   
                       795998971368836532                                    
                        298641565363725727                                   
                        18846857776842824           7547          737        
                        72869867779847777         77764251      71617777     
                         7237353827173927      24729817117    7733775617     
             7361647      198893263889943   7727513337169576244268377        
      777    7261794321736329496365563714713116628867  746337362521332177    
       15377 711256424977225988668877126891994145637     75855627777355521   
  735531729577591111564454429888822575429299899927         794324637         
   7111359894999897  714644265889958271394525537            327 71947        
      777156699641      7734988888888558997247              737   7351       
    77992171588927           748888928652467                 71              
 7353377772413967              7288888445117                                 
      714427 7457                198862277717                                
      7227   7527                 758968877641                               
      717    777                    38898677737                              
                                    738668861597                             
                                      74886317777                            
                                       76948883731                           
                                         18865177777                         
                                          74429993151                        
                                           73688377771                       
                                             7289982745                      
                                               168617 77                     
                                                7542642137                   
           77566437                              758893177                   
         7117  772437                             759413237                  
        777       743                              75846377                  
                   1427                             761177                   
                   7261                             7989447                  
                    7567                            7963347                  
                    7557                            7377337                  
                     7697                          7488963                   
                      1517                         7776427                   
                       3863                      71227357                    
                        165337                 777369427                     
                         7299177             729573947                       
                           7399957777 777537711986277                        
                             772699894536889699217                           
                                 777113231177                                
                                                                             
                                                                             
